10.974842767295597
9.433962264150944
10.660377358490566
9.59119496855346
9.59119496855346
9.59119496855346
9.59119496855346
9.59119496855346
17.42138364779874
20.18867924528302
20.18867924528302
30.28301886792453
30.22012578616352
30.28301886792453
31.50943396226415
33.0188679245283
38.459119496855344
41.9496855345912
35.22012578616352
35.534591194968556
34.59119496855346
37.295597484276726
44.874213836477985
38.80503144654088
40.25157232704402
40.37735849056604
44.21383647798742
45.503144654088054
44.21383647798742
44.81132075471698
43.742138364779876
42.735849056603776
41.729559748427675
47.327044025157235
46.540880503144656
46.19496855345912
45.78616352201258
44.716981132075475
44.716981132075475
44.716981132075475
44.716981132075475
44.716981132075475
44.716981132075475
44.716981132075475
44.716981132075475
44.716981132075475
44.716981132075475
44.716981132075475
44.716981132075475
44.716981132075475
44.716981132075475
44.716981132075475
44.716981132075475
44.716981132075475
44.716981132075475
44.716981132075475
44.716981132075475
44.716981132075475
44.716981132075475
44.716981132075475
44.716981132075475
44.716981132075475
44.716981132075475
44.716981132075475
44.716981132075475
44.716981132075475
44.716981132075475
44.716981132075475
44.716981132075475
44.716981132075475
44.716981132075475
44.716981132075475
44.716981132075475
44.716981132075475
44.716981132075475
44.716981132075475
44.716981132075475
44.716981132075475
44.716981132075475
44.716981132075475
44.716981132075475
44.716981132075475
44.716981132075475
44.716981132075475
44.716981132075475
44.716981132075475
44.716981132075475
44.716981132075475
44.716981132075475
44.716981132075475
44.716981132075475
44.716981132075475
44.716981132075475
44.716981132075475
44.716981132075475
44.716981132075475
44.716981132075475
44.716981132075475
44.716981132075475
44.716981132075475
44.716981132075475
44.716981132075475
44.716981132075475
44.716981132075475
44.716981132075475
44.716981132075475
44.716981132075475
44.716981132075475
44.716981132075475
44.716981132075475
44.716981132075475
44.716981132075475
44.716981132075475
44.716981132075475
44.716981132075475
44.716981132075475
44.716981132075475
44.716981132075475
44.716981132075475
44.716981132075475
44.716981132075475
44.716981132075475
44.716981132075475
44.716981132075475
44.716981132075475
44.716981132075475
44.716981132075475
44.716981132075475
44.716981132075475
44.716981132075475
44.716981132075475
44.716981132075475
44.716981132075475
44.716981132075475
44.716981132075475
44.716981132075475
44.716981132075475
44.716981132075475
44.716981132075475
44.716981132075475
44.716981132075475
44.716981132075475
44.716981132075475
44.716981132075475
44.716981132075475
44.716981132075475
44.716981132075475
44.716981132075475
44.716981132075475
44.716981132075475
44.716981132075475
44.716981132075475
44.716981132075475
44.716981132075475
44.716981132075475
44.716981132075475
44.716981132075475
44.716981132075475
44.716981132075475
44.716981132075475
44.716981132075475
44.716981132075475
44.716981132075475
44.716981132075475
44.716981132075475
44.716981132075475
44.716981132075475
44.716981132075475
