12.830188679245284
20.0
28.9937106918239
30.0
32.42138364779874
38.20754716981132
38.0503144654088
40.34591194968554
46.918238993710695
47.075471698113205
49.59119496855346
52.79874213836478
56.82389937106918
57.16981132075472
58.899371069182386
64.81132075471699
67.70440251572327
69.15094339622641
71.06918238993711
73.52201257861635
74.0880503144654
73.20754716981132
70.062893081761
73.55345911949685
73.45911949685535
73.23899371069183
73.45911949685535
73.14465408805032
74.33962264150944
71.91823899371069
73.67924528301887
63.83647798742138
73.74213836477988
68.83647798742139
64.15094339622641
69.0251572327044
70.18867924528301
65.88050314465409
65.88050314465409
65.88050314465409
65.88050314465409
65.88050314465409
65.88050314465409
65.88050314465409
65.88050314465409
65.88050314465409
65.88050314465409
65.88050314465409
65.88050314465409
65.88050314465409
65.88050314465409
65.88050314465409
65.88050314465409
65.88050314465409
65.88050314465409
65.88050314465409
65.88050314465409
65.88050314465409
65.88050314465409
65.88050314465409
65.88050314465409
65.88050314465409
65.88050314465409
65.88050314465409
65.88050314465409
65.88050314465409
65.88050314465409
65.88050314465409
65.88050314465409
65.88050314465409
65.88050314465409
65.88050314465409
65.88050314465409
65.88050314465409
65.88050314465409
65.88050314465409
65.88050314465409
65.88050314465409
65.88050314465409
65.88050314465409
65.88050314465409
65.88050314465409
65.88050314465409
65.88050314465409
65.88050314465409
65.88050314465409
65.88050314465409
65.88050314465409
65.88050314465409
65.88050314465409
65.88050314465409
65.88050314465409
65.88050314465409
65.88050314465409
65.88050314465409
65.88050314465409
65.88050314465409
65.88050314465409
65.88050314465409
65.88050314465409
65.88050314465409
65.88050314465409
65.88050314465409
65.88050314465409
65.88050314465409
65.88050314465409
65.88050314465409
65.88050314465409
65.88050314465409
65.88050314465409
65.88050314465409
65.88050314465409
65.88050314465409
65.88050314465409
65.88050314465409
65.88050314465409
65.88050314465409
65.88050314465409
65.88050314465409
65.88050314465409
65.88050314465409
65.88050314465409
65.88050314465409
65.88050314465409
65.88050314465409
65.88050314465409
65.88050314465409
65.88050314465409
65.88050314465409
65.88050314465409
65.88050314465409
65.88050314465409
65.88050314465409
65.88050314465409
65.88050314465409
65.88050314465409
65.88050314465409
65.88050314465409
65.88050314465409
65.88050314465409
65.88050314465409
65.88050314465409
65.88050314465409
65.88050314465409
65.88050314465409
65.88050314465409
65.88050314465409
65.88050314465409
65.88050314465409
65.88050314465409
65.88050314465409
65.88050314465409
65.88050314465409
65.88050314465409
65.88050314465409
65.88050314465409
65.88050314465409
65.88050314465409
65.88050314465409
65.88050314465409
65.88050314465409
65.88050314465409
65.88050314465409
65.88050314465409
65.88050314465409
65.88050314465409
65.88050314465409
