7.547169811320755
9.59119496855346
9.59119496855346
9.59119496855346
9.59119496855346
9.59119496855346
9.59119496855346
9.59119496855346
9.59119496855346
9.59119496855346
9.59119496855346
9.465408805031446
9.465408805031446
11.28930817610063
11.28930817610063
11.28930817610063
11.28930817610063
11.28930817610063
11.132075471698114
12.578616352201259
12.578616352201259
11.257861635220126
11.257861635220126
11.257861635220126
9.465408805031446
9.465408805031446
9.465408805031446
9.465408805031446
9.465408805031446
9.465408805031446
9.465408805031446
9.465408805031446
9.465408805031446
9.465408805031446
9.465408805031446
9.465408805031446
10.377358490566039
10.377358490566039
10.377358490566039
10.377358490566039
10.377358490566039
10.377358490566039
10.377358490566039
10.377358490566039
10.377358490566039
10.377358490566039
10.377358490566039
10.377358490566039
9.433962264150944
9.433962264150944
9.433962264150944
