9.59119496855346
20.09433962264151
29.08805031446541
43.301886792452834
54.308176100628934
71.28930817610063
81.13207547169812
90.062893081761
89.90566037735849
94.55974842767296
95.66037735849056
97.38993710691824
98.55345911949685
98.45911949685535
98.45911949685535
98.45911949685535
98.45911949685535
98.45911949685535
98.45911949685535
98.45911949685535
98.45911949685535
98.45911949685535
98.45911949685535
98.45911949685535
98.45911949685535
98.45911949685535
98.45911949685535
98.45911949685535
98.45911949685535
98.45911949685535
98.45911949685535
98.45911949685535
98.45911949685535
98.45911949685535
98.45911949685535
98.45911949685535
98.45911949685535
98.45911949685535
98.45911949685535
98.45911949685535
98.45911949685535
98.45911949685535
98.45911949685535
98.45911949685535
98.45911949685535
98.45911949685535
98.45911949685535
98.45911949685535
98.45911949685535
98.45911949685535
98.45911949685535
98.45911949685535
98.45911949685535
98.45911949685535
98.45911949685535
98.45911949685535
98.45911949685535
98.45911949685535
98.45911949685535
98.45911949685535
98.45911949685535
98.45911949685535
98.45911949685535
98.45911949685535
98.45911949685535
98.45911949685535
98.45911949685535
98.45911949685535
98.45911949685535
98.45911949685535
98.45911949685535
98.45911949685535
98.45911949685535
98.45911949685535
98.45911949685535
98.45911949685535
98.45911949685535
98.45911949685535
98.45911949685535
98.45911949685535
98.45911949685535
98.45911949685535
98.45911949685535
98.45911949685535
98.45911949685535
98.45911949685535
98.45911949685535
98.45911949685535
98.45911949685535
98.45911949685535
98.45911949685535
98.45911949685535
98.45911949685535
98.45911949685535
98.45911949685535
98.45911949685535
98.45911949685535
98.45911949685535
98.45911949685535
98.45911949685535
98.45911949685535
98.45911949685535
98.45911949685535
98.45911949685535
98.45911949685535
98.45911949685535
98.45911949685535
98.45911949685535
98.45911949685535
98.45911949685535
98.45911949685535
98.45911949685535
98.45911949685535
98.45911949685535
98.45911949685535
98.45911949685535
98.45911949685535
98.45911949685535
98.45911949685535
98.45911949685535
98.45911949685535
98.45911949685535
98.45911949685535
98.45911949685535
98.45911949685535
98.45911949685535
98.45911949685535
98.45911949685535
98.45911949685535
98.45911949685535
98.45911949685535
98.45911949685535
98.45911949685535
98.45911949685535
98.45911949685535
98.45911949685535
98.45911949685535
98.45911949685535
98.45911949685535
98.45911949685535
98.45911949685535
98.45911949685535
98.45911949685535
98.45911949685535
98.45911949685535
98.45911949685535
98.45911949685535
98.45911949685535
98.45911949685535
98.45911949685535
98.45911949685535
98.45911949685535
98.45911949685535
98.45911949685535
98.45911949685535
98.45911949685535
98.45911949685535
98.45911949685535
98.45911949685535
98.45911949685535
98.45911949685535
98.45911949685535
98.45911949685535
98.45911949685535
98.45911949685535
98.45911949685535
98.45911949685535
98.45911949685535
98.45911949685535
98.45911949685535
98.45911949685535
98.45911949685535
98.45911949685535
98.45911949685535
98.45911949685535
98.45911949685535
98.45911949685535
98.45911949685535
98.45911949685535
98.45911949685535
98.45911949685535
98.45911949685535
98.45911949685535
98.45911949685535
98.45911949685535
98.45911949685535
98.45911949685535
98.45911949685535
98.45911949685535
98.45911949685535
98.45911949685535
98.45911949685535
98.45911949685535
98.45911949685535
98.45911949685535
98.45911949685535
98.45911949685535
98.45911949685535
98.45911949685535
98.45911949685535
98.45911949685535
98.45911949685535
98.45911949685535
98.45911949685535
98.45911949685535
98.45911949685535
98.45911949685535
98.45911949685535
98.45911949685535
98.45911949685535
98.45911949685535
98.45911949685535
98.45911949685535
98.45911949685535
98.45911949685535
98.45911949685535
98.45911949685535
98.45911949685535
98.45911949685535
98.45911949685535
98.45911949685535
98.45911949685535
98.45911949685535
98.45911949685535
98.45911949685535
98.45911949685535
98.45911949685535
98.45911949685535
98.45911949685535
98.45911949685535
98.45911949685535
98.45911949685535
98.45911949685535
98.45911949685535
98.45911949685535
98.45911949685535
98.45911949685535
98.45911949685535
98.45911949685535
98.45911949685535
98.45911949685535
98.45911949685535
98.45911949685535
98.45911949685535
98.45911949685535
98.45911949685535
98.45911949685535
98.45911949685535
98.45911949685535
98.45911949685535
98.45911949685535
98.45911949685535
98.45911949685535
98.45911949685535
98.45911949685535
98.45911949685535
98.45911949685535
98.45911949685535
98.45911949685535
98.45911949685535
98.45911949685535
98.45911949685535
98.45911949685535
98.45911949685535
98.45911949685535
98.45911949685535
98.45911949685535
98.45911949685535
98.45911949685535
98.45911949685535
98.45911949685535
98.45911949685535
98.45911949685535
98.45911949685535
98.45911949685535
98.45911949685535
98.45911949685535
98.45911949685535
98.45911949685535
98.45911949685535
98.45911949685535
98.45911949685535
98.45911949685535
98.45911949685535
98.45911949685535
98.45911949685535
98.45911949685535
98.45911949685535
98.45911949685535
98.45911949685535
98.45911949685535
98.45911949685535
98.45911949685535
98.45911949685535
98.45911949685535
98.45911949685535
98.45911949685535
98.45911949685535
98.45911949685535
98.45911949685535
98.45911949685535
98.45911949685535
98.45911949685535
98.45911949685535
98.45911949685535
98.45911949685535
98.45911949685535
98.45911949685535
98.45911949685535
98.45911949685535
98.45911949685535
98.45911949685535
98.45911949685535
98.45911949685535
98.45911949685535
98.45911949685535
98.45911949685535
98.45911949685535
98.45911949685535
98.45911949685535
98.45911949685535
98.45911949685535
98.45911949685535
98.45911949685535
98.45911949685535
98.45911949685535
98.45911949685535
98.45911949685535
98.45911949685535
98.45911949685535
98.45911949685535
98.45911949685535
98.45911949685535
98.45911949685535
98.45911949685535
98.45911949685535
98.45911949685535
98.45911949685535
98.45911949685535
98.45911949685535
98.45911949685535
98.45911949685535
98.45911949685535
98.45911949685535
98.45911949685535
98.45911949685535
98.45911949685535
98.45911949685535
98.45911949685535
98.45911949685535
98.45911949685535
98.45911949685535
98.45911949685535
98.45911949685535
98.45911949685535
98.45911949685535
98.45911949685535
98.45911949685535
98.45911949685535
98.45911949685535
98.45911949685535
98.45911949685535
98.45911949685535
98.45911949685535
98.45911949685535
98.45911949685535
98.45911949685535
98.45911949685535
98.45911949685535
98.45911949685535
98.45911949685535
98.45911949685535
98.45911949685535
98.45911949685535
98.45911949685535
98.45911949685535
