9.528301886792454
21.22641509433962
32.0125786163522
34.119496855345915
36.257861635220124
36.666666666666664
32.327044025157235
62.861635220125784
84.05660377358491
91.47798742138365
94.55974842767296
96.98113207547169
98.42767295597484
98.86792452830188
98.99371069182389
98.99371069182389
98.99371069182389
98.99371069182389
98.99371069182389
98.99371069182389
98.99371069182389
98.99371069182389
98.99371069182389
98.99371069182389
98.99371069182389
98.99371069182389
98.99371069182389
98.99371069182389
98.99371069182389
98.99371069182389
98.99371069182389
98.99371069182389
98.99371069182389
98.99371069182389
98.99371069182389
98.99371069182389
98.99371069182389
98.99371069182389
98.99371069182389
98.99371069182389
98.99371069182389
98.99371069182389
98.99371069182389
98.99371069182389
98.99371069182389
98.99371069182389
98.99371069182389
98.99371069182389
98.99371069182389
98.99371069182389
98.99371069182389
98.99371069182389
98.99371069182389
98.99371069182389
98.99371069182389
98.99371069182389
98.99371069182389
98.99371069182389
98.99371069182389
98.99371069182389
98.99371069182389
98.99371069182389
98.99371069182389
98.99371069182389
98.99371069182389
98.99371069182389
98.99371069182389
98.99371069182389
98.99371069182389
98.99371069182389
98.99371069182389
98.99371069182389
98.99371069182389
98.99371069182389
98.99371069182389
98.99371069182389
98.99371069182389
98.99371069182389
98.99371069182389
98.99371069182389
98.99371069182389
98.99371069182389
98.99371069182389
98.99371069182389
98.99371069182389
98.99371069182389
98.99371069182389
98.99371069182389
98.99371069182389
98.99371069182389
98.99371069182389
98.99371069182389
98.99371069182389
98.99371069182389
98.99371069182389
98.99371069182389
98.99371069182389
98.99371069182389
98.99371069182389
98.99371069182389
98.99371069182389
98.99371069182389
98.99371069182389
98.99371069182389
98.99371069182389
98.99371069182389
98.99371069182389
98.99371069182389
98.99371069182389
98.99371069182389
98.99371069182389
98.99371069182389
98.99371069182389
98.99371069182389
98.99371069182389
98.99371069182389
98.99371069182389
98.99371069182389
98.99371069182389
98.99371069182389
98.99371069182389
98.99371069182389
98.99371069182389
98.99371069182389
98.99371069182389
98.99371069182389
98.99371069182389
98.99371069182389
98.99371069182389
98.99371069182389
98.99371069182389
98.99371069182389
98.99371069182389
98.99371069182389
98.99371069182389
98.99371069182389
98.99371069182389
98.99371069182389
98.99371069182389
98.99371069182389
98.99371069182389
98.99371069182389
98.99371069182389
98.99371069182389
98.99371069182389
98.99371069182389
98.99371069182389
98.99371069182389
98.99371069182389
98.99371069182389
98.99371069182389
98.99371069182389
98.99371069182389
98.99371069182389
98.99371069182389
98.99371069182389
98.99371069182389
98.99371069182389
98.99371069182389
98.99371069182389
98.99371069182389
98.99371069182389
98.99371069182389
98.99371069182389
98.99371069182389
98.99371069182389
98.99371069182389
98.99371069182389
98.99371069182389
98.99371069182389
98.99371069182389
98.99371069182389
98.99371069182389
98.99371069182389
98.99371069182389
98.99371069182389
98.99371069182389
98.99371069182389
98.99371069182389
98.99371069182389
98.99371069182389
98.99371069182389
98.99371069182389
98.99371069182389
98.99371069182389
98.99371069182389
98.99371069182389
98.99371069182389
98.99371069182389
98.99371069182389
98.99371069182389
98.99371069182389
98.99371069182389
98.99371069182389
98.99371069182389
98.99371069182389
98.99371069182389
98.99371069182389
98.99371069182389
98.99371069182389
98.99371069182389
98.99371069182389
98.99371069182389
98.99371069182389
98.99371069182389
98.99371069182389
98.99371069182389
98.99371069182389
98.99371069182389
98.99371069182389
98.99371069182389
98.99371069182389
98.99371069182389
98.99371069182389
98.99371069182389
98.99371069182389
98.99371069182389
98.99371069182389
98.99371069182389
98.99371069182389
98.99371069182389
98.99371069182389
98.99371069182389
98.99371069182389
98.99371069182389
98.99371069182389
98.99371069182389
98.99371069182389
98.99371069182389
98.99371069182389
98.99371069182389
98.99371069182389
98.99371069182389
98.99371069182389
98.99371069182389
98.99371069182389
98.99371069182389
98.99371069182389
98.99371069182389
98.99371069182389
98.99371069182389
98.99371069182389
98.99371069182389
98.99371069182389
98.99371069182389
98.99371069182389
98.99371069182389
98.99371069182389
98.99371069182389
98.99371069182389
98.99371069182389
98.99371069182389
98.99371069182389
98.99371069182389
98.99371069182389
98.99371069182389
98.99371069182389
98.99371069182389
98.99371069182389
98.99371069182389
98.99371069182389
98.99371069182389
98.99371069182389
98.99371069182389
98.99371069182389
98.99371069182389
98.99371069182389
98.99371069182389
98.99371069182389
98.99371069182389
98.99371069182389
98.99371069182389
98.99371069182389
98.99371069182389
98.99371069182389
98.99371069182389
98.99371069182389
98.99371069182389
98.99371069182389
98.99371069182389
98.99371069182389
98.99371069182389
98.99371069182389
98.99371069182389
98.99371069182389
98.99371069182389
98.99371069182389
98.99371069182389
98.99371069182389
98.99371069182389
98.99371069182389
98.99371069182389
98.99371069182389
98.99371069182389
98.99371069182389
98.99371069182389
98.99371069182389
98.99371069182389
98.99371069182389
98.99371069182389
98.99371069182389
98.99371069182389
98.99371069182389
98.99371069182389
98.99371069182389
98.99371069182389
98.99371069182389
98.99371069182389
98.99371069182389
98.99371069182389
98.99371069182389
98.99371069182389
98.99371069182389
98.99371069182389
98.99371069182389
98.99371069182389
98.99371069182389
98.99371069182389
98.99371069182389
98.99371069182389
98.99371069182389
98.99371069182389
98.99371069182389
98.99371069182389
98.99371069182389
98.99371069182389
98.99371069182389
98.99371069182389
98.99371069182389
98.99371069182389
98.99371069182389
98.99371069182389
98.99371069182389
98.99371069182389
98.99371069182389
98.99371069182389
98.99371069182389
98.99371069182389
98.99371069182389
98.99371069182389
98.99371069182389
98.99371069182389
98.99371069182389
98.99371069182389
98.99371069182389
98.99371069182389
98.99371069182389
98.99371069182389
98.99371069182389
98.99371069182389
98.99371069182389
98.99371069182389
98.99371069182389
98.99371069182389
98.99371069182389
98.99371069182389
98.99371069182389
98.99371069182389
98.99371069182389
98.99371069182389
98.99371069182389
98.99371069182389
98.99371069182389
98.99371069182389
98.99371069182389
98.99371069182389
98.99371069182389
