9.59119496855346
21.163522012578618
28.144654088050313
28.364779874213838
26.037735849056602
34.15094339622642
22.48427672955975
25.9748427672956
31.28930817610063
25.471698113207548
47.0440251572327
54.62264150943396
56.289308176100626
70.18867924528301
78.61635220125787
82.9245283018868
76.76100628930817
82.73584905660377
95.15723270440252
95.66037735849056
98.39622641509433
99.24528301886792
99.24528301886792
99.27672955974843
99.52830188679245
99.52830188679245
99.52830188679245
99.52830188679245
99.52830188679245
99.52830188679245
99.52830188679245
99.52830188679245
99.52830188679245
99.52830188679245
99.52830188679245
99.52830188679245
99.52830188679245
99.52830188679245
99.52830188679245
99.52830188679245
99.52830188679245
99.52830188679245
99.52830188679245
99.52830188679245
99.52830188679245
99.52830188679245
99.52830188679245
99.52830188679245
99.52830188679245
99.52830188679245
99.52830188679245
99.52830188679245
99.52830188679245
99.52830188679245
99.52830188679245
99.52830188679245
99.52830188679245
99.52830188679245
99.52830188679245
99.52830188679245
99.52830188679245
99.52830188679245
99.52830188679245
99.52830188679245
99.52830188679245
99.52830188679245
99.52830188679245
99.52830188679245
99.52830188679245
99.52830188679245
99.52830188679245
99.52830188679245
99.52830188679245
99.52830188679245
99.52830188679245
99.52830188679245
99.52830188679245
99.52830188679245
99.52830188679245
99.52830188679245
99.52830188679245
99.52830188679245
99.52830188679245
99.52830188679245
99.52830188679245
99.52830188679245
99.52830188679245
99.52830188679245
99.52830188679245
99.52830188679245
99.52830188679245
99.52830188679245
99.52830188679245
99.52830188679245
99.52830188679245
99.52830188679245
99.52830188679245
99.52830188679245
99.52830188679245
99.52830188679245
99.52830188679245
99.52830188679245
99.52830188679245
99.52830188679245
99.52830188679245
99.52830188679245
99.52830188679245
99.52830188679245
99.52830188679245
99.52830188679245
99.52830188679245
99.52830188679245
99.52830188679245
99.52830188679245
99.52830188679245
99.52830188679245
99.52830188679245
99.52830188679245
99.52830188679245
99.52830188679245
99.52830188679245
99.52830188679245
99.52830188679245
99.52830188679245
99.52830188679245
99.52830188679245
99.52830188679245
99.52830188679245
99.52830188679245
99.52830188679245
99.52830188679245
99.52830188679245
99.52830188679245
99.52830188679245
99.52830188679245
99.52830188679245
99.52830188679245
99.52830188679245
99.52830188679245
99.52830188679245
99.52830188679245
99.52830188679245
99.52830188679245
99.52830188679245
99.52830188679245
99.52830188679245
99.52830188679245
99.52830188679245
99.52830188679245
99.52830188679245
99.52830188679245
99.52830188679245
99.52830188679245
99.52830188679245
99.52830188679245
99.52830188679245
99.52830188679245
99.52830188679245
99.52830188679245
99.52830188679245
99.52830188679245
99.52830188679245
99.52830188679245
99.52830188679245
99.52830188679245
99.52830188679245
99.52830188679245
99.52830188679245
99.52830188679245
99.52830188679245
99.52830188679245
99.52830188679245
99.52830188679245
99.52830188679245
99.52830188679245
99.52830188679245
99.52830188679245
99.52830188679245
99.52830188679245
99.52830188679245
99.52830188679245
99.52830188679245
99.52830188679245
99.52830188679245
99.52830188679245
99.52830188679245
99.52830188679245
99.52830188679245
99.52830188679245
99.52830188679245
99.52830188679245
99.52830188679245
99.52830188679245
99.52830188679245
99.52830188679245
99.52830188679245
99.52830188679245
99.52830188679245
99.52830188679245
99.52830188679245
99.52830188679245
99.52830188679245
99.52830188679245
99.52830188679245
99.52830188679245
99.52830188679245
99.52830188679245
99.52830188679245
99.52830188679245
99.52830188679245
99.52830188679245
99.52830188679245
99.52830188679245
99.52830188679245
99.52830188679245
99.52830188679245
99.52830188679245
99.52830188679245
99.52830188679245
99.52830188679245
99.52830188679245
99.52830188679245
99.52830188679245
99.52830188679245
99.52830188679245
99.52830188679245
99.52830188679245
99.52830188679245
99.52830188679245
99.52830188679245
99.52830188679245
99.52830188679245
99.52830188679245
99.52830188679245
99.52830188679245
99.52830188679245
99.52830188679245
99.52830188679245
99.52830188679245
99.52830188679245
99.52830188679245
99.52830188679245
99.52830188679245
99.52830188679245
99.52830188679245
99.52830188679245
99.52830188679245
99.52830188679245
99.52830188679245
99.52830188679245
99.52830188679245
99.52830188679245
99.52830188679245
99.52830188679245
99.52830188679245
99.52830188679245
99.52830188679245
99.52830188679245
99.52830188679245
99.52830188679245
99.52830188679245
99.52830188679245
99.52830188679245
99.52830188679245
99.52830188679245
99.52830188679245
99.52830188679245
99.52830188679245
99.52830188679245
99.52830188679245
99.52830188679245
99.52830188679245
99.52830188679245
99.52830188679245
99.52830188679245
99.52830188679245
99.52830188679245
99.52830188679245
99.52830188679245
99.52830188679245
99.52830188679245
99.52830188679245
99.52830188679245
99.52830188679245
99.52830188679245
