9.433962264150944
9.433962264150944
9.182389937106919
18.67924528301887
22.38993710691824
26.949685534591193
20.22012578616352
36.9496855345912
43.144654088050316
37.327044025157235
61.35220125786164
72.04402515723271
75.062893081761
83.80503144654088
88.49056603773585
91.00628930817611
93.80503144654088
94.87421383647799
96.0377358490566
97.23270440251572
97.38993710691824
98.49056603773585
98.45911949685535
98.83647798742139
98.0503144654088
99.30817610062893
99.37106918238993
99.37106918238993
99.37106918238993
99.37106918238993
99.37106918238993
99.37106918238993
99.37106918238993
99.37106918238993
99.37106918238993
99.37106918238993
99.37106918238993
99.37106918238993
99.37106918238993
99.37106918238993
99.37106918238993
99.37106918238993
99.37106918238993
99.37106918238993
99.37106918238993
99.37106918238993
99.37106918238993
99.37106918238993
99.37106918238993
99.37106918238993
99.37106918238993
99.37106918238993
99.37106918238993
99.37106918238993
99.37106918238993
99.37106918238993
99.37106918238993
99.37106918238993
99.37106918238993
99.37106918238993
99.37106918238993
99.37106918238993
99.37106918238993
99.37106918238993
99.37106918238993
99.37106918238993
99.37106918238993
99.37106918238993
99.37106918238993
99.37106918238993
99.37106918238993
99.37106918238993
99.37106918238993
99.37106918238993
99.37106918238993
99.37106918238993
99.37106918238993
99.37106918238993
99.37106918238993
99.37106918238993
99.37106918238993
99.37106918238993
99.37106918238993
99.37106918238993
99.37106918238993
99.37106918238993
99.37106918238993
99.37106918238993
99.37106918238993
99.37106918238993
99.37106918238993
99.37106918238993
99.37106918238993
99.37106918238993
99.37106918238993
99.37106918238993
99.37106918238993
99.37106918238993
99.37106918238993
99.37106918238993
99.37106918238993
99.37106918238993
99.37106918238993
99.37106918238993
99.37106918238993
99.37106918238993
99.37106918238993
99.37106918238993
99.37106918238993
99.37106918238993
99.37106918238993
99.37106918238993
99.37106918238993
99.37106918238993
99.37106918238993
99.37106918238993
99.37106918238993
99.37106918238993
99.37106918238993
99.37106918238993
99.37106918238993
99.37106918238993
99.37106918238993
99.37106918238993
99.37106918238993
99.37106918238993
99.37106918238993
99.37106918238993
99.37106918238993
99.37106918238993
99.37106918238993
99.37106918238993
99.37106918238993
99.37106918238993
99.37106918238993
99.37106918238993
99.37106918238993
99.37106918238993
99.37106918238993
99.37106918238993
99.37106918238993
99.37106918238993
99.37106918238993
99.37106918238993
99.37106918238993
99.37106918238993
99.37106918238993
99.37106918238993
99.37106918238993
99.37106918238993
99.37106918238993
99.37106918238993
99.37106918238993
99.37106918238993
99.37106918238993
99.37106918238993
99.37106918238993
99.37106918238993
99.37106918238993
99.37106918238993
99.37106918238993
99.37106918238993
99.37106918238993
99.37106918238993
99.37106918238993
99.37106918238993
99.37106918238993
99.37106918238993
99.37106918238993
99.37106918238993
99.37106918238993
99.37106918238993
99.37106918238993
99.37106918238993
99.37106918238993
99.37106918238993
99.37106918238993
99.37106918238993
99.37106918238993
99.37106918238993
99.37106918238993
99.37106918238993
99.37106918238993
99.37106918238993
99.37106918238993
99.37106918238993
99.37106918238993
99.37106918238993
99.37106918238993
99.37106918238993
99.37106918238993
99.37106918238993
99.37106918238993
99.37106918238993
99.37106918238993
99.37106918238993
99.37106918238993
99.37106918238993
99.37106918238993
99.37106918238993
99.37106918238993
99.37106918238993
99.37106918238993
99.37106918238993
99.37106918238993
99.37106918238993
99.37106918238993
99.37106918238993
99.37106918238993
99.37106918238993
99.37106918238993
99.37106918238993
99.37106918238993
99.37106918238993
99.37106918238993
99.37106918238993
99.37106918238993
99.37106918238993
99.37106918238993
99.37106918238993
99.37106918238993
99.37106918238993
99.37106918238993
99.37106918238993
99.37106918238993
99.37106918238993
99.37106918238993
99.37106918238993
99.37106918238993
99.37106918238993
99.37106918238993
99.37106918238993
99.37106918238993
99.37106918238993
99.37106918238993
99.37106918238993
99.37106918238993
99.37106918238993
99.37106918238993
99.37106918238993
99.37106918238993
99.37106918238993
99.37106918238993
99.37106918238993
99.37106918238993
99.37106918238993
99.37106918238993
99.37106918238993
99.37106918238993
99.37106918238993
99.37106918238993
99.37106918238993
99.37106918238993
99.37106918238993
99.37106918238993
99.37106918238993
99.37106918238993
99.37106918238993
99.37106918238993
99.37106918238993
99.37106918238993
99.37106918238993
99.37106918238993
99.37106918238993
99.37106918238993
99.37106918238993
99.37106918238993
