9.59119496855346
19.559748427672957
26.19496855345912
14.937106918238994
31.540880503144653
32.735849056603776
31.163522012578618
32.327044025157235
33.270440251572325
30.849056603773583
34.0251572327044
40.56603773584906
37.83018867924528
40.25157232704402
36.63522012578616
44.74842767295598
46.132075471698116
57.45283018867924
70.40880503144655
84.0251572327044
84.71698113207547
80.40880503144655
93.58490566037736
90.47169811320755
96.76100628930817
96.19496855345912
94.90566037735849
98.55345911949685
98.80503144654088
98.61635220125787
99.0251572327044
99.11949685534591
98.83647798742139
99.27672955974843
99.30817610062893
99.30817610062893
99.30817610062893
99.30817610062893
99.30817610062893
99.30817610062893
99.30817610062893
99.30817610062893
99.30817610062893
99.30817610062893
99.30817610062893
99.30817610062893
99.30817610062893
99.30817610062893
99.30817610062893
99.30817610062893
99.30817610062893
99.30817610062893
99.30817610062893
99.30817610062893
99.30817610062893
99.30817610062893
99.30817610062893
99.30817610062893
99.30817610062893
99.30817610062893
99.30817610062893
99.30817610062893
99.30817610062893
99.30817610062893
99.30817610062893
99.30817610062893
99.30817610062893
99.30817610062893
99.30817610062893
99.30817610062893
99.30817610062893
99.30817610062893
99.30817610062893
99.30817610062893
99.30817610062893
99.30817610062893
99.30817610062893
99.30817610062893
99.30817610062893
99.30817610062893
99.30817610062893
99.30817610062893
99.30817610062893
99.30817610062893
99.30817610062893
99.30817610062893
99.30817610062893
99.30817610062893
99.30817610062893
99.30817610062893
99.30817610062893
99.30817610062893
99.30817610062893
99.30817610062893
99.30817610062893
99.30817610062893
99.30817610062893
99.30817610062893
99.30817610062893
99.30817610062893
99.30817610062893
99.30817610062893
99.30817610062893
99.30817610062893
99.30817610062893
99.30817610062893
99.30817610062893
99.30817610062893
99.30817610062893
99.30817610062893
99.30817610062893
99.30817610062893
99.30817610062893
99.30817610062893
99.30817610062893
99.30817610062893
99.30817610062893
99.30817610062893
99.30817610062893
99.30817610062893
99.30817610062893
99.30817610062893
99.30817610062893
99.30817610062893
99.30817610062893
99.30817610062893
99.30817610062893
99.30817610062893
99.30817610062893
99.30817610062893
99.30817610062893
99.30817610062893
99.30817610062893
99.30817610062893
99.30817610062893
99.30817610062893
99.30817610062893
99.30817610062893
99.30817610062893
99.30817610062893
99.30817610062893
99.30817610062893
99.30817610062893
99.30817610062893
99.30817610062893
99.30817610062893
99.30817610062893
99.30817610062893
99.30817610062893
99.30817610062893
99.30817610062893
99.30817610062893
99.30817610062893
99.30817610062893
99.30817610062893
99.30817610062893
99.30817610062893
99.30817610062893
99.30817610062893
99.30817610062893
99.30817610062893
99.30817610062893
99.30817610062893
99.30817610062893
99.30817610062893
99.30817610062893
99.30817610062893
99.30817610062893
99.30817610062893
99.30817610062893
99.30817610062893
99.30817610062893
99.30817610062893
99.30817610062893
99.30817610062893
99.30817610062893
99.30817610062893
99.30817610062893
99.30817610062893
99.30817610062893
99.30817610062893
99.30817610062893
99.30817610062893
99.30817610062893
99.30817610062893
99.30817610062893
99.30817610062893
99.30817610062893
99.30817610062893
99.30817610062893
