10.817610062893081
8.584905660377359
8.364779874213836
9.433962264150944
9.433962264150944
9.433962264150944
9.49685534591195
9.49685534591195
9.49685534591195
9.49685534591195
9.49685534591195
9.49685534591195
9.49685534591195
11.28930817610063
11.28930817610063
11.28930817610063
11.28930817610063
11.28930817610063
11.28930817610063
11.28930817610063
11.28930817610063
11.28930817610063
11.28930817610063
11.28930817610063
11.918238993710691
11.918238993710691
11.918238993710691
13.050314465408805
8.89937106918239
8.89937106918239
8.89937106918239
8.89937106918239
8.89937106918239
8.89937106918239
12.861635220125786
12.861635220125786
12.861635220125786
12.861635220125786
8.89937106918239
8.89937106918239
9.276729559748428
9.276729559748428
9.276729559748428
9.276729559748428
9.276729559748428
9.276729559748428
9.276729559748428
9.276729559748428
9.276729559748428
9.276729559748428
9.276729559748428
