9.59119496855346
21.22641509433962
28.71069182389937
15.91194968553459
35.660377358490564
53.23899371069182
71.76100628930817
80.81761006289308
90.69182389937107
91.60377358490567
95.88050314465409
96.32075471698113
64.84276729559748
99.18238993710692
99.43396226415095
99.40251572327044
99.40251572327044
99.40251572327044
99.40251572327044
99.40251572327044
99.40251572327044
99.40251572327044
99.40251572327044
99.40251572327044
99.40251572327044
99.40251572327044
99.40251572327044
99.40251572327044
99.40251572327044
99.40251572327044
99.40251572327044
99.40251572327044
99.40251572327044
99.40251572327044
99.40251572327044
99.40251572327044
99.40251572327044
99.40251572327044
99.40251572327044
99.40251572327044
99.40251572327044
99.40251572327044
99.40251572327044
99.40251572327044
99.40251572327044
99.40251572327044
99.40251572327044
99.40251572327044
99.40251572327044
99.40251572327044
99.40251572327044
99.40251572327044
99.40251572327044
99.40251572327044
99.40251572327044
99.40251572327044
99.40251572327044
99.40251572327044
99.40251572327044
99.40251572327044
99.40251572327044
99.40251572327044
99.40251572327044
99.40251572327044
99.40251572327044
99.40251572327044
99.40251572327044
99.40251572327044
99.40251572327044
99.40251572327044
99.40251572327044
99.40251572327044
99.40251572327044
99.40251572327044
99.40251572327044
99.40251572327044
99.40251572327044
99.40251572327044
99.40251572327044
99.40251572327044
99.40251572327044
99.40251572327044
99.40251572327044
99.40251572327044
99.40251572327044
99.40251572327044
99.40251572327044
99.40251572327044
99.40251572327044
99.40251572327044
99.40251572327044
99.40251572327044
99.40251572327044
99.40251572327044
99.40251572327044
99.40251572327044
99.40251572327044
99.40251572327044
99.40251572327044
99.40251572327044
99.40251572327044
99.40251572327044
99.40251572327044
99.40251572327044
99.40251572327044
99.40251572327044
99.40251572327044
99.40251572327044
99.40251572327044
99.40251572327044
99.40251572327044
99.40251572327044
99.40251572327044
99.40251572327044
99.40251572327044
99.40251572327044
99.40251572327044
99.40251572327044
99.40251572327044
99.40251572327044
99.40251572327044
99.40251572327044
99.40251572327044
99.40251572327044
99.40251572327044
99.40251572327044
99.40251572327044
99.40251572327044
99.40251572327044
99.40251572327044
99.40251572327044
99.40251572327044
99.40251572327044
99.40251572327044
99.40251572327044
99.40251572327044
99.40251572327044
99.40251572327044
99.40251572327044
99.40251572327044
99.40251572327044
99.40251572327044
99.40251572327044
99.40251572327044
99.40251572327044
99.40251572327044
99.40251572327044
99.40251572327044
99.40251572327044
99.40251572327044
99.40251572327044
99.40251572327044
99.40251572327044
99.40251572327044
99.40251572327044
99.40251572327044
99.40251572327044
99.40251572327044
99.40251572327044
99.40251572327044
99.40251572327044
99.40251572327044
99.40251572327044
99.40251572327044
99.40251572327044
99.40251572327044
99.40251572327044
99.40251572327044
99.40251572327044
99.40251572327044
99.40251572327044
99.40251572327044
99.40251572327044
99.40251572327044
99.40251572327044
99.40251572327044
99.40251572327044
99.40251572327044
99.40251572327044
99.40251572327044
99.40251572327044
99.40251572327044
99.40251572327044
99.40251572327044
99.40251572327044
99.40251572327044
99.40251572327044
99.40251572327044
99.40251572327044
99.40251572327044
99.40251572327044
99.40251572327044
99.40251572327044
99.40251572327044
99.40251572327044
99.40251572327044
99.40251572327044
99.40251572327044
99.40251572327044
99.40251572327044
99.40251572327044
99.40251572327044
99.40251572327044
99.40251572327044
99.40251572327044
99.40251572327044
99.40251572327044
99.40251572327044
99.40251572327044
99.40251572327044
99.40251572327044
99.40251572327044
99.40251572327044
99.40251572327044
99.40251572327044
99.40251572327044
99.40251572327044
99.40251572327044
99.40251572327044
99.40251572327044
99.40251572327044
99.40251572327044
99.40251572327044
99.40251572327044
99.40251572327044
99.40251572327044
99.40251572327044
99.40251572327044
99.40251572327044
99.40251572327044
99.40251572327044
99.40251572327044
99.40251572327044
99.40251572327044
99.40251572327044
99.40251572327044
99.40251572327044
99.40251572327044
99.40251572327044
99.40251572327044
99.40251572327044
99.40251572327044
99.40251572327044
99.40251572327044
99.40251572327044
99.40251572327044
99.40251572327044
99.40251572327044
99.40251572327044
99.40251572327044
99.40251572327044
99.40251572327044
99.40251572327044
99.40251572327044
99.40251572327044
99.40251572327044
99.40251572327044
99.40251572327044
99.40251572327044
99.40251572327044
99.40251572327044
99.40251572327044
99.40251572327044
99.40251572327044
99.40251572327044
99.40251572327044
99.40251572327044
99.40251572327044
99.40251572327044
99.40251572327044
99.40251572327044
99.40251572327044
99.40251572327044
99.40251572327044
99.40251572327044
99.40251572327044
99.40251572327044
99.40251572327044
99.40251572327044
99.40251572327044
99.40251572327044
99.40251572327044
99.40251572327044
99.40251572327044
99.40251572327044
99.40251572327044
99.40251572327044
99.40251572327044
99.40251572327044
99.40251572327044
99.40251572327044
99.40251572327044
99.40251572327044
99.40251572327044
99.40251572327044
99.40251572327044
99.40251572327044
99.40251572327044
99.40251572327044
99.40251572327044
99.40251572327044
99.40251572327044
99.40251572327044
99.40251572327044
99.40251572327044
99.40251572327044
99.40251572327044
99.40251572327044
99.40251572327044
99.40251572327044
99.40251572327044
99.40251572327044
99.40251572327044
99.40251572327044
99.40251572327044
99.40251572327044
99.40251572327044
99.40251572327044
99.40251572327044
99.40251572327044
99.40251572327044
99.40251572327044
99.40251572327044
99.40251572327044
99.40251572327044
99.40251572327044
99.40251572327044
99.40251572327044
99.40251572327044
99.40251572327044
99.40251572327044
99.40251572327044
99.40251572327044
99.40251572327044
99.40251572327044
99.40251572327044
99.40251572327044
99.40251572327044
99.40251572327044
99.40251572327044
99.40251572327044
99.40251572327044
99.40251572327044
99.40251572327044
99.40251572327044
99.40251572327044
99.40251572327044
99.40251572327044
99.40251572327044
99.40251572327044
99.40251572327044
99.40251572327044
99.40251572327044
99.40251572327044
99.40251572327044
99.40251572327044
99.40251572327044
99.40251572327044
99.40251572327044
99.40251572327044
99.40251572327044
99.40251572327044
99.40251572327044
