7.767295597484277
9.59119496855346
9.59119496855346
9.59119496855346
9.59119496855346
9.59119496855346
9.59119496855346
11.28930817610063
11.28930817610063
11.28930817610063
11.163522012578616
11.163522012578616
11.163522012578616
10.943396226415095
10.943396226415095
10.943396226415095
10.943396226415095
10.943396226415095
10.943396226415095
10.943396226415095
11.28930817610063
11.918238993710691
11.918238993710691
11.918238993710691
11.918238993710691
10.943396226415095
10.943396226415095
10.943396226415095
10.943396226415095
11.69811320754717
11.69811320754717
11.69811320754717
12.861635220125786
12.861635220125786
12.861635220125786
12.861635220125786
12.861635220125786
12.861635220125786
12.861635220125786
12.861635220125786
12.861635220125786
12.861635220125786
8.89937106918239
8.89937106918239
8.89937106918239
8.89937106918239
8.89937106918239
12.641509433962264
13.018867924528301
13.018867924528301
13.018867924528301
