11.540880503144654
17.29559748427673
18.333333333333332
18.11320754716981
22.735849056603772
22.547169811320753
31.19496855345912
31.60377358490566
31.540880503144653
31.9811320754717
31.9811320754717
31.41509433962264
29.433962264150942
31.60377358490566
33.23899371069182
38.710691823899374
42.0440251572327
43.39622641509434
46.57232704402516
47.76729559748428
49.40251572327044
52.54716981132076
55.943396226415096
55.81761006289308
56.60377358490566
59.55974842767296
60.18867924528302
63.144654088050316
62.0440251572327
62.45283018867924
62.23270440251572
63.0188679245283
61.666666666666664
62.138364779874216
62.0125786163522
61.41509433962264
59.056603773584904
59.40251572327044
59.9685534591195
59.9685534591195
62.23270440251572
66.76100628930817
66.63522012578616
66.91823899371069
67.73584905660377
68.30188679245283
68.30188679245283
68.30188679245283
68.30188679245283
68.30188679245283
68.30188679245283
68.30188679245283
68.30188679245283
68.30188679245283
68.30188679245283
68.30188679245283
68.30188679245283
68.30188679245283
68.30188679245283
68.30188679245283
68.30188679245283
68.30188679245283
68.30188679245283
68.30188679245283
68.30188679245283
68.30188679245283
68.30188679245283
68.30188679245283
68.30188679245283
68.30188679245283
68.30188679245283
68.30188679245283
68.30188679245283
68.30188679245283
68.30188679245283
68.30188679245283
68.30188679245283
68.30188679245283
68.30188679245283
68.30188679245283
68.30188679245283
68.30188679245283
68.30188679245283
68.30188679245283
68.30188679245283
68.30188679245283
68.30188679245283
68.30188679245283
68.30188679245283
68.30188679245283
68.30188679245283
68.30188679245283
68.30188679245283
68.30188679245283
68.30188679245283
68.30188679245283
