7.421383647798742
9.465408805031446
9.465408805031446
9.465408805031446
9.465408805031446
21.257861635220127
21.257861635220127
20.50314465408805
19.68553459119497
20.91194968553459
20.31446540880503
20.471698113207548
20.754716981132077
21.28930817610063
22.138364779874212
22.07547169811321
22.169811320754718
21.47798742138365
20.251572327044027
19.08805031446541
20.157232704402517
21.0062893081761
20.40880503144654
20.345911949685533
20.345911949685533
20.345911949685533
20.345911949685533
20.345911949685533
20.345911949685533
20.345911949685533
20.345911949685533
20.345911949685533
20.345911949685533
20.345911949685533
20.345911949685533
20.345911949685533
20.345911949685533
20.345911949685533
20.345911949685533
20.345911949685533
20.345911949685533
20.345911949685533
20.345911949685533
20.345911949685533
20.345911949685533
20.345911949685533
20.345911949685533
20.345911949685533
20.345911949685533
20.345911949685533
20.345911949685533
20.345911949685533
20.345911949685533
20.345911949685533
20.345911949685533
20.345911949685533
20.345911949685533
20.345911949685533
20.345911949685533
20.345911949685533
20.345911949685533
20.345911949685533
20.345911949685533
20.345911949685533
20.345911949685533
20.345911949685533
20.345911949685533
20.345911949685533
20.345911949685533
20.345911949685533
20.345911949685533
20.345911949685533
20.345911949685533
20.345911949685533
20.345911949685533
20.345911949685533
20.345911949685533
20.345911949685533
20.345911949685533
20.345911949685533
20.345911949685533
20.345911949685533
20.345911949685533
20.345911949685533
20.345911949685533
20.345911949685533
20.345911949685533
20.345911949685533
20.345911949685533
20.345911949685533
20.345911949685533
20.345911949685533
20.345911949685533
20.345911949685533
20.345911949685533
20.345911949685533
20.345911949685533
20.345911949685533
20.345911949685533
20.345911949685533
20.345911949685533
20.345911949685533
20.345911949685533
20.345911949685533
20.345911949685533
20.345911949685533
20.345911949685533
20.345911949685533
20.345911949685533
20.345911949685533
20.345911949685533
20.345911949685533
20.345911949685533
20.345911949685533
20.345911949685533
20.345911949685533
20.345911949685533
20.345911949685533
20.345911949685533
20.345911949685533
20.345911949685533
20.345911949685533
20.345911949685533
20.345911949685533
20.345911949685533
20.345911949685533
20.345911949685533
20.345911949685533
20.345911949685533
20.345911949685533
20.345911949685533
20.345911949685533
20.345911949685533
20.345911949685533
20.345911949685533
20.345911949685533
20.345911949685533
20.345911949685533
20.345911949685533
20.345911949685533
20.345911949685533
20.345911949685533
20.345911949685533
20.345911949685533
20.345911949685533
20.345911949685533
20.345911949685533
20.345911949685533
20.345911949685533
20.345911949685533
20.345911949685533
20.345911949685533
20.345911949685533
20.345911949685533
20.345911949685533
20.345911949685533
20.345911949685533
20.345911949685533
20.345911949685533
20.345911949685533
20.345911949685533
20.345911949685533
20.345911949685533
20.345911949685533
20.345911949685533
20.345911949685533
20.345911949685533
20.345911949685533
20.345911949685533
20.345911949685533
20.345911949685533
20.345911949685533
20.345911949685533
20.345911949685533
20.345911949685533
20.345911949685533
20.345911949685533
20.345911949685533
20.345911949685533
20.345911949685533
20.345911949685533
20.345911949685533
20.345911949685533
20.345911949685533
20.345911949685533
20.345911949685533
20.345911949685533
20.345911949685533
20.345911949685533
20.345911949685533
20.345911949685533
20.345911949685533
20.345911949685533
20.345911949685533
20.345911949685533
20.345911949685533
20.345911949685533
20.345911949685533
20.345911949685533
20.345911949685533
20.345911949685533
20.345911949685533
20.345911949685533
20.345911949685533
20.345911949685533
20.345911949685533
20.345911949685533
20.345911949685533
20.345911949685533
20.345911949685533
20.345911949685533
20.345911949685533
20.345911949685533
20.345911949685533
20.345911949685533
20.345911949685533
20.345911949685533
20.345911949685533
20.345911949685533
20.345911949685533
20.345911949685533
20.345911949685533
20.345911949685533
20.345911949685533
20.345911949685533
20.345911949685533
20.345911949685533
20.345911949685533
20.345911949685533
20.345911949685533
20.345911949685533
20.345911949685533
20.345911949685533
20.345911949685533
20.345911949685533
20.345911949685533
20.345911949685533
20.345911949685533
20.345911949685533
20.345911949685533
20.345911949685533
20.345911949685533
20.345911949685533
20.345911949685533
20.345911949685533
20.345911949685533
20.345911949685533
20.345911949685533
20.345911949685533
20.345911949685533
20.345911949685533
20.345911949685533
20.345911949685533
20.345911949685533
20.345911949685533
20.345911949685533
20.345911949685533
20.345911949685533
20.345911949685533
20.345911949685533
20.345911949685533
20.345911949685533
20.345911949685533
20.345911949685533
20.345911949685533
20.345911949685533
20.345911949685533
20.345911949685533
20.345911949685533
20.345911949685533
20.345911949685533
20.345911949685533
20.345911949685533
20.345911949685533
20.345911949685533
20.345911949685533
20.345911949685533
20.345911949685533
20.345911949685533
20.345911949685533
20.345911949685533
20.345911949685533
20.345911949685533
20.345911949685533
20.345911949685533
20.345911949685533
20.345911949685533
20.345911949685533
20.345911949685533
20.345911949685533
20.345911949685533
