9.465408805031446
19.968553459119498
24.245283018867923
27.0125786163522
31.257861635220127
37.9874213836478
47.20125786163522
52.35849056603774
52.9559748427673
59.15094339622642
63.899371069182386
62.0125786163522
76.60377358490567
84.81132075471699
89.55974842767296
89.937106918239
93.80503144654088
59.37106918238994
93.9622641509434
93.42767295597484
96.50943396226415
97.10691823899371
97.13836477987421
97.51572327044025
97.64150943396227
71.00628930817611
98.01886792452831
98.0503144654088
96.9496855345912
92.79874213836477
98.64779874213836
98.01886792452831
95.28301886792453
98.8993710691824
99.0880503144654
99.24528301886792
99.27672955974843
97.70440251572327
99.40251572327044
99.40251572327044
99.40251572327044
99.40251572327044
99.40251572327044
99.40251572327044
99.40251572327044
99.40251572327044
99.40251572327044
99.40251572327044
99.40251572327044
99.40251572327044
99.40251572327044
99.40251572327044
99.40251572327044
99.40251572327044
99.40251572327044
99.40251572327044
99.40251572327044
99.40251572327044
99.40251572327044
99.40251572327044
99.40251572327044
99.40251572327044
99.40251572327044
99.40251572327044
99.40251572327044
99.40251572327044
99.40251572327044
99.40251572327044
99.40251572327044
99.40251572327044
99.40251572327044
99.40251572327044
99.40251572327044
99.40251572327044
99.40251572327044
99.40251572327044
99.40251572327044
99.40251572327044
99.40251572327044
99.40251572327044
99.40251572327044
99.40251572327044
99.40251572327044
99.40251572327044
99.40251572327044
99.40251572327044
99.40251572327044
99.40251572327044
99.40251572327044
99.40251572327044
99.40251572327044
99.40251572327044
99.40251572327044
99.40251572327044
99.40251572327044
99.40251572327044
99.40251572327044
99.40251572327044
99.40251572327044
99.40251572327044
99.40251572327044
99.40251572327044
99.40251572327044
99.40251572327044
99.40251572327044
99.40251572327044
99.40251572327044
99.40251572327044
99.40251572327044
99.40251572327044
99.40251572327044
99.40251572327044
99.40251572327044
99.40251572327044
99.40251572327044
99.40251572327044
99.40251572327044
99.40251572327044
99.40251572327044
99.40251572327044
99.40251572327044
99.40251572327044
99.40251572327044
99.40251572327044
99.40251572327044
99.40251572327044
99.40251572327044
99.40251572327044
99.40251572327044
99.40251572327044
99.40251572327044
99.40251572327044
99.40251572327044
99.40251572327044
99.40251572327044
99.40251572327044
99.40251572327044
99.40251572327044
99.40251572327044
99.40251572327044
99.40251572327044
99.40251572327044
99.40251572327044
99.40251572327044
99.40251572327044
99.40251572327044
99.40251572327044
99.40251572327044
99.40251572327044
99.40251572327044
99.40251572327044
99.40251572327044
99.40251572327044
99.40251572327044
99.40251572327044
99.40251572327044
99.40251572327044
