9.59119496855346
9.59119496855346
9.59119496855346
9.59119496855346
9.59119496855346
9.59119496855346
9.59119496855346
9.59119496855346
9.59119496855346
9.59119496855346
9.59119496855346
23.867924528301888
27.767295597484278
26.22641509433962
31.32075471698113
26.855345911949687
32.61006289308176
15.220125786163521
27.10691823899371
29.68553459119497
33.17610062893082
34.308176100628934
29.245283018867923
33.9622641509434
27.38993710691824
19.49685534591195
29.150943396226417
31.28930817610063
31.163522012578618
35.723270440251575
32.075471698113205
36.79245283018868
36.82389937106918
35.75471698113208
38.64779874213836
38.61635220125786
42.106918238993714
41.19496855345912
42.515723270440255
38.679245283018865
35.34591194968554
33.20754716981132
34.77987421383648
31.88679245283019
42.64150943396226
35.723270440251575
39.37106918238994
45.37735849056604
41.9811320754717
37.42138364779874
37.42138364779874
