9.59119496855346
15.723270440251572
23.742138364779873
32.61006289308176
34.21383647798742
42.138364779874216
43.80503144654088
52.20125786163522
69.15094339622641
74.30817610062893
90.03144654088051
93.08176100628931
94.21383647798743
96.38364779874213
86.57232704402516
97.0125786163522
98.23899371069183
99.30817610062893
99.37106918238993
99.37106918238993
99.37106918238993
99.37106918238993
99.37106918238993
99.37106918238993
99.37106918238993
99.37106918238993
99.37106918238993
99.37106918238993
99.37106918238993
99.37106918238993
99.37106918238993
99.37106918238993
99.37106918238993
99.37106918238993
99.37106918238993
99.37106918238993
99.37106918238993
99.37106918238993
99.37106918238993
99.37106918238993
99.37106918238993
99.37106918238993
99.37106918238993
99.37106918238993
99.37106918238993
99.37106918238993
99.37106918238993
99.37106918238993
99.37106918238993
99.37106918238993
99.37106918238993
99.37106918238993
99.37106918238993
99.37106918238993
99.37106918238993
99.37106918238993
99.37106918238993
99.37106918238993
99.37106918238993
99.37106918238993
99.37106918238993
99.37106918238993
99.37106918238993
99.37106918238993
99.37106918238993
99.37106918238993
99.37106918238993
99.37106918238993
99.37106918238993
99.37106918238993
99.37106918238993
99.37106918238993
99.37106918238993
99.37106918238993
99.37106918238993
99.37106918238993
99.37106918238993
99.37106918238993
99.37106918238993
99.37106918238993
99.37106918238993
99.37106918238993
99.37106918238993
99.37106918238993
99.37106918238993
99.37106918238993
99.37106918238993
99.37106918238993
99.37106918238993
99.37106918238993
99.37106918238993
99.37106918238993
99.37106918238993
99.37106918238993
99.37106918238993
99.37106918238993
99.37106918238993
99.37106918238993
99.37106918238993
99.37106918238993
99.37106918238993
99.37106918238993
99.37106918238993
99.37106918238993
99.37106918238993
99.37106918238993
99.37106918238993
99.37106918238993
99.37106918238993
99.37106918238993
99.37106918238993
99.37106918238993
99.37106918238993
99.37106918238993
99.37106918238993
99.37106918238993
99.37106918238993
99.37106918238993
99.37106918238993
99.37106918238993
99.37106918238993
99.37106918238993
99.37106918238993
99.37106918238993
99.37106918238993
99.37106918238993
99.37106918238993
99.37106918238993
99.37106918238993
99.37106918238993
99.37106918238993
99.37106918238993
99.37106918238993
99.37106918238993
99.37106918238993
99.37106918238993
99.37106918238993
99.37106918238993
99.37106918238993
99.37106918238993
99.37106918238993
99.37106918238993
99.37106918238993
99.37106918238993
99.37106918238993
99.37106918238993
99.37106918238993
99.37106918238993
99.37106918238993
99.37106918238993
99.37106918238993
99.37106918238993
99.37106918238993
99.37106918238993
99.37106918238993
99.37106918238993
99.37106918238993
99.37106918238993
99.37106918238993
99.37106918238993
99.37106918238993
99.37106918238993
99.37106918238993
99.37106918238993
99.37106918238993
99.37106918238993
99.37106918238993
99.37106918238993
99.37106918238993
99.37106918238993
99.37106918238993
99.37106918238993
99.37106918238993
99.37106918238993
99.37106918238993
99.37106918238993
99.37106918238993
99.37106918238993
99.37106918238993
99.37106918238993
99.37106918238993
99.37106918238993
99.37106918238993
99.37106918238993
99.37106918238993
99.37106918238993
99.37106918238993
99.37106918238993
99.37106918238993
99.37106918238993
99.37106918238993
99.37106918238993
99.37106918238993
99.37106918238993
99.37106918238993
99.37106918238993
99.37106918238993
99.37106918238993
99.37106918238993
99.37106918238993
99.37106918238993
99.37106918238993
99.37106918238993
99.37106918238993
99.37106918238993
99.37106918238993
99.37106918238993
99.37106918238993
99.37106918238993
99.37106918238993
99.37106918238993
99.37106918238993
99.37106918238993
99.37106918238993
99.37106918238993
99.37106918238993
99.37106918238993
99.37106918238993
99.37106918238993
99.37106918238993
99.37106918238993
99.37106918238993
99.37106918238993
99.37106918238993
99.37106918238993
99.37106918238993
99.37106918238993
99.37106918238993
99.37106918238993
99.37106918238993
99.37106918238993
99.37106918238993
99.37106918238993
99.37106918238993
99.37106918238993
99.37106918238993
99.37106918238993
99.37106918238993
99.37106918238993
99.37106918238993
99.37106918238993
99.37106918238993
99.37106918238993
99.37106918238993
99.37106918238993
99.37106918238993
99.37106918238993
99.37106918238993
99.37106918238993
99.37106918238993
99.37106918238993
99.37106918238993
99.37106918238993
99.37106918238993
99.37106918238993
99.37106918238993
99.37106918238993
99.37106918238993
99.37106918238993
99.37106918238993
99.37106918238993
99.37106918238993
99.37106918238993
99.37106918238993
99.37106918238993
99.37106918238993
99.37106918238993
99.37106918238993
99.37106918238993
99.37106918238993
99.37106918238993
99.37106918238993
99.37106918238993
99.37106918238993
99.37106918238993
99.37106918238993
99.37106918238993
99.37106918238993
99.37106918238993
99.37106918238993
99.37106918238993
99.37106918238993
99.37106918238993
99.37106918238993
99.37106918238993
99.37106918238993
99.37106918238993
99.37106918238993
99.37106918238993
99.37106918238993
99.37106918238993
99.37106918238993
99.37106918238993
99.37106918238993
99.37106918238993
99.37106918238993
99.37106918238993
99.37106918238993
99.37106918238993
99.37106918238993
99.37106918238993
99.37106918238993
99.37106918238993
99.37106918238993
99.37106918238993
99.37106918238993
99.37106918238993
99.37106918238993
99.37106918238993
99.37106918238993
99.37106918238993
99.37106918238993
99.37106918238993
99.37106918238993
99.37106918238993
99.37106918238993
99.37106918238993
99.37106918238993
99.37106918238993
99.37106918238993
99.37106918238993
99.37106918238993
99.37106918238993
99.37106918238993
99.37106918238993
99.37106918238993
99.37106918238993
99.37106918238993
99.37106918238993
99.37106918238993
