9.59119496855346
19.748427672955973
25.40880503144654
27.29559748427673
33.522012578616355
38.9937106918239
34.37106918238994
41.41509433962264
55.75471698113208
58.679245283018865
66.38364779874213
66.32075471698113
70.37735849056604
67.20125786163523
74.05660377358491
83.71069182389937
86.98113207547169
87.10691823899371
25.251572327044027
89.62264150943396
92.35849056603773
94.40251572327044
95.25157232704403
87.67295597484276
93.9622641509434
94.87421383647799
95.81761006289308
96.22641509433963
97.32704402515724
90.75471698113208
98.36477987421384
96.57232704402516
98.30188679245283
98.33333333333333
98.49056603773585
98.86792452830188
98.67924528301887
99.11949685534591
98.58490566037736
99.30817610062893
99.27672955974843
99.30817610062893
99.30817610062893
99.30817610062893
99.30817610062893
99.30817610062893
99.30817610062893
99.30817610062893
99.30817610062893
99.30817610062893
99.30817610062893
99.30817610062893
99.30817610062893
99.30817610062893
99.30817610062893
99.30817610062893
99.30817610062893
99.30817610062893
99.30817610062893
99.30817610062893
99.30817610062893
99.30817610062893
99.30817610062893
99.30817610062893
99.30817610062893
99.30817610062893
99.30817610062893
99.30817610062893
99.30817610062893
99.30817610062893
99.30817610062893
99.30817610062893
99.30817610062893
99.30817610062893
99.30817610062893
99.30817610062893
99.30817610062893
99.30817610062893
99.30817610062893
99.30817610062893
99.30817610062893
99.30817610062893
99.30817610062893
99.30817610062893
99.30817610062893
99.30817610062893
99.30817610062893
99.30817610062893
99.30817610062893
99.30817610062893
99.30817610062893
99.30817610062893
99.30817610062893
99.30817610062893
99.30817610062893
99.30817610062893
99.30817610062893
99.30817610062893
99.30817610062893
99.30817610062893
99.30817610062893
99.30817610062893
99.30817610062893
99.30817610062893
99.30817610062893
99.30817610062893
99.30817610062893
99.30817610062893
99.30817610062893
99.30817610062893
99.30817610062893
99.30817610062893
99.30817610062893
99.30817610062893
99.30817610062893
99.30817610062893
99.30817610062893
99.30817610062893
99.30817610062893
99.30817610062893
99.30817610062893
99.30817610062893
99.30817610062893
99.30817610062893
99.30817610062893
99.30817610062893
99.30817610062893
99.30817610062893
99.30817610062893
