9.59119496855346
9.59119496855346
21.19496855345912
20.345911949685533
21.91823899371069
25.69182389937107
29.056603773584907
25.50314465408805
32.38993710691824
35.25157232704402
21.32075471698113
25.031446540880502
31.82389937106918
31.132075471698112
35.660377358490564
41.509433962264154
46.79245283018868
49.685534591194966
49.24528301886792
56.19496855345912
58.39622641509434
59.0251572327044
57.515723270440255
61.19496855345912
62.138364779874216
65.28301886792453
62.64150943396226
64.30817610062893
67.04402515723271
56.57232704402516
44.15094339622642
32.264150943396224
50.691823899371066
63.301886792452834
71.00628930817611
68.83647798742139
80.9748427672956
81.82389937106919
62.0440251572327
74.43396226415095
79.46540880503144
84.59119496855345
78.74213836477988
83.0503144654088
84.0251572327044
88.14465408805032
88.86792452830188
43.77358490566038
89.87421383647799
91.13207547169812
91.13207547169812
