6.981132075471698
15.220125786163521
21.257861635220127
21.257861635220127
23.17610062893082
26.10062893081761
33.42767295597484
34.276729559748425
36.82389937106918
36.666666666666664
38.867924528301884
30.062893081761008
33.0188679245283
41.22641509433962
43.23899371069182
45.283018867924525
48.144654088050316
48.710691823899374
48.679245283018865
47.16981132075472
49.276729559748425
50.503144654088054
50.911949685534594
49.59119496855346
50.660377358490564
52.515723270440255
52.35849056603774
51.100628930817614
53.490566037735846
53.081761006289305
55.44025157232704
59.056603773584904
55.534591194968556
54.905660377358494
56.76100628930818
57.327044025157235
57.295597484276726
57.16981132075472
57.704402515723274
59.937106918238996
60.062893081761004
60.75471698113208
59.37106918238994
59.65408805031446
59.65408805031446
58.930817610062896
59.496855345911946
59.15094339622642
59.21383647798742
57.35849056603774
57.35849056603774
57.35849056603774
57.35849056603774
57.35849056603774
57.35849056603774
