10.220125786163521
9.433962264150944
9.81132075471698
11.823899371069182
11.823899371069182
11.823899371069182
20.78616352201258
20.12578616352201
20.09433962264151
20.345911949685533
20.754716981132077
27.57861635220126
24.968553459119498
26.0062893081761
24.30817610062893
19.40251572327044
21.79245283018868
27.264150943396228
32.515723270440255
32.075471698113205
34.119496855345915
39.528301886792455
43.0503144654088
46.60377358490566
48.710691823899374
50.81761006289308
50.59748427672956
49.84276729559748
54.74842767295598
51.540880503144656
50.37735849056604
53.61635220125786
55.880503144654085
53.301886792452834
53.710691823899374
51.44654088050314
57.23270440251572
58.20754716981132
59.685534591194966
58.42767295597484
59.15094339622642
59.056603773584904
57.35849056603774
57.327044025157235
61.0377358490566
63.270440251572325
60.37735849056604
62.83018867924528
61.16352201257862
58.710691823899374
58.710691823899374
