10.377358490566039
11.918238993710691
21.79245283018868
21.949685534591193
25.40880503144654
31.761006289308177
32.327044025157235
29.81132075471698
34.81132075471698
27.29559748427673
38.9937106918239
41.35220125786164
51.477987421383645
50.9748427672956
48.0503144654088
52.76729559748428
54.0251572327044
58.522012578616355
61.320754716981135
64.40251572327044
61.540880503144656
64.24528301886792
64.40251572327044
67.83018867924528
69.30817610062893
67.57861635220125
67.61006289308176
67.79874213836477
68.52201257861635
67.0754716981132
67.45283018867924
68.64779874213836
70.69182389937107
70.062893081761
68.83647798742139
69.18238993710692
68.27044025157232
68.61635220125787
72.16981132075472
72.20125786163523
71.76100628930817
71.47798742138365
72.48427672955975
73.45911949685535
72.54716981132076
70.94339622641509
71.25786163522012
70.75471698113208
70.75471698113208
70.75471698113208
70.75471698113208
70.75471698113208
70.75471698113208
70.75471698113208
70.75471698113208
70.75471698113208
70.75471698113208
70.75471698113208
70.75471698113208
70.75471698113208
70.75471698113208
70.75471698113208
70.75471698113208
70.75471698113208
70.75471698113208
70.75471698113208
70.75471698113208
70.75471698113208
70.75471698113208
70.75471698113208
70.75471698113208
70.75471698113208
