9.59119496855346
22.955974842767297
26.729559748427672
35.314465408805034
34.528301886792455
36.918238993710695
51.38364779874214
51.82389937106918
73.86792452830188
78.83647798742139
83.86792452830188
86.41509433962264
90.31446540880503
88.39622641509433
92.70440251572327
95.66037735849056
95.9119496855346
97.9874213836478
95.50314465408805
99.37106918238993
99.37106918238993
99.37106918238993
99.37106918238993
99.37106918238993
99.37106918238993
99.37106918238993
99.37106918238993
99.37106918238993
99.37106918238993
99.37106918238993
99.37106918238993
99.37106918238993
99.37106918238993
99.37106918238993
99.37106918238993
99.37106918238993
99.37106918238993
99.37106918238993
99.37106918238993
99.37106918238993
99.37106918238993
99.37106918238993
99.37106918238993
99.37106918238993
99.37106918238993
99.37106918238993
99.37106918238993
99.37106918238993
99.37106918238993
99.37106918238993
99.37106918238993
99.37106918238993
99.37106918238993
99.37106918238993
99.37106918238993
99.37106918238993
99.37106918238993
99.37106918238993
99.37106918238993
99.37106918238993
99.37106918238993
99.37106918238993
99.37106918238993
99.37106918238993
99.37106918238993
99.37106918238993
99.37106918238993
99.37106918238993
99.37106918238993
99.37106918238993
99.37106918238993
99.37106918238993
99.37106918238993
99.37106918238993
99.37106918238993
99.37106918238993
99.37106918238993
99.37106918238993
99.37106918238993
99.37106918238993
99.37106918238993
99.37106918238993
99.37106918238993
99.37106918238993
99.37106918238993
99.37106918238993
99.37106918238993
99.37106918238993
99.37106918238993
99.37106918238993
99.37106918238993
99.37106918238993
99.37106918238993
99.37106918238993
99.37106918238993
99.37106918238993
99.37106918238993
99.37106918238993
99.37106918238993
99.37106918238993
99.37106918238993
99.37106918238993
99.37106918238993
99.37106918238993
99.37106918238993
99.37106918238993
99.37106918238993
99.37106918238993
99.37106918238993
99.37106918238993
99.37106918238993
99.37106918238993
99.37106918238993
99.37106918238993
99.37106918238993
99.37106918238993
99.37106918238993
99.37106918238993
99.37106918238993
99.37106918238993
99.37106918238993
99.37106918238993
99.37106918238993
99.37106918238993
99.37106918238993
99.37106918238993
99.37106918238993
99.37106918238993
99.37106918238993
99.37106918238993
99.37106918238993
99.37106918238993
99.37106918238993
99.37106918238993
99.37106918238993
99.37106918238993
99.37106918238993
99.37106918238993
99.37106918238993
99.37106918238993
99.37106918238993
99.37106918238993
99.37106918238993
99.37106918238993
99.37106918238993
99.37106918238993
99.37106918238993
99.37106918238993
99.37106918238993
99.37106918238993
99.37106918238993
99.37106918238993
99.37106918238993
99.37106918238993
99.37106918238993
99.37106918238993
99.37106918238993
99.37106918238993
99.37106918238993
99.37106918238993
99.37106918238993
99.37106918238993
99.37106918238993
99.37106918238993
99.37106918238993
99.37106918238993
99.37106918238993
99.37106918238993
99.37106918238993
99.37106918238993
99.37106918238993
99.37106918238993
99.37106918238993
99.37106918238993
99.37106918238993
99.37106918238993
99.37106918238993
99.37106918238993
99.37106918238993
99.37106918238993
99.37106918238993
99.37106918238993
99.37106918238993
99.37106918238993
99.37106918238993
99.37106918238993
99.37106918238993
99.37106918238993
99.37106918238993
99.37106918238993
99.37106918238993
99.37106918238993
99.37106918238993
99.37106918238993
99.37106918238993
99.37106918238993
99.37106918238993
99.37106918238993
99.37106918238993
99.37106918238993
99.37106918238993
99.37106918238993
99.37106918238993
99.37106918238993
99.37106918238993
99.37106918238993
99.37106918238993
99.37106918238993
99.37106918238993
99.37106918238993
99.37106918238993
99.37106918238993
99.37106918238993
99.37106918238993
99.37106918238993
99.37106918238993
99.37106918238993
99.37106918238993
99.37106918238993
99.37106918238993
99.37106918238993
99.37106918238993
99.37106918238993
99.37106918238993
99.37106918238993
99.37106918238993
99.37106918238993
99.37106918238993
99.37106918238993
99.37106918238993
99.37106918238993
99.37106918238993
99.37106918238993
99.37106918238993
99.37106918238993
99.37106918238993
99.37106918238993
99.37106918238993
99.37106918238993
99.37106918238993
99.37106918238993
99.37106918238993
99.37106918238993
99.37106918238993
99.37106918238993
99.37106918238993
99.37106918238993
99.37106918238993
99.37106918238993
99.37106918238993
99.37106918238993
99.37106918238993
99.37106918238993
99.37106918238993
99.37106918238993
99.37106918238993
99.37106918238993
99.37106918238993
99.37106918238993
99.37106918238993
99.37106918238993
99.37106918238993
99.37106918238993
99.37106918238993
99.37106918238993
99.37106918238993
99.37106918238993
99.37106918238993
99.37106918238993
99.37106918238993
99.37106918238993
99.37106918238993
99.37106918238993
99.37106918238993
99.37106918238993
99.37106918238993
99.37106918238993
99.37106918238993
99.37106918238993
99.37106918238993
99.37106918238993
99.37106918238993
99.37106918238993
99.37106918238993
99.37106918238993
99.37106918238993
99.37106918238993
99.37106918238993
99.37106918238993
99.37106918238993
99.37106918238993
99.37106918238993
99.37106918238993
99.37106918238993
99.37106918238993
99.37106918238993
99.37106918238993
99.37106918238993
99.37106918238993
99.37106918238993
99.37106918238993
99.37106918238993
99.37106918238993
99.37106918238993
99.37106918238993
99.37106918238993
99.37106918238993
99.37106918238993
99.37106918238993
99.37106918238993
99.37106918238993
99.37106918238993
99.37106918238993
99.37106918238993
99.37106918238993
99.37106918238993
99.37106918238993
99.37106918238993
99.37106918238993
99.37106918238993
99.37106918238993
