8.742138364779874
11.257861635220126
9.59119496855346
9.59119496855346
9.59119496855346
9.59119496855346
11.28930817610063
11.28930817610063
11.28930817610063
11.28930817610063
11.28930817610063
11.28930817610063
11.28930817610063
11.28930817610063
11.28930817610063
11.28930817610063
11.28930817610063
11.28930817610063
11.28930817610063
11.28930817610063
11.28930817610063
11.28930817610063
11.28930817610063
11.918238993710691
11.918238993710691
11.918238993710691
11.918238993710691
9.465408805031446
9.465408805031446
9.465408805031446
9.465408805031446
9.465408805031446
9.465408805031446
9.465408805031446
9.465408805031446
9.465408805031446
9.465408805031446
9.465408805031446
9.465408805031446
9.465408805031446
10.377358490566039
10.377358490566039
10.377358490566039
10.377358490566039
10.377358490566039
10.377358490566039
10.377358490566039
10.377358490566039
10.377358490566039
10.377358490566039
10.377358490566039
