9.59119496855346
17.138364779874212
15.59748427672956
31.069182389937108
31.28930817610063
32.0440251572327
37.38993710691824
38.710691823899374
47.83018867924528
58.710691823899374
61.38364779874214
62.704402515723274
75.062893081761
72.89308176100629
79.74842767295597
83.71069182389937
81.76100628930817
83.36477987421384
89.46540880503144
90.78616352201257
91.69811320754717
93.80503144654088
90.40880503144655
94.55974842767296
95.062893081761
95.72327044025157
71.79245283018868
96.69811320754717
97.0754716981132
77.79874213836477
97.67295597484276
98.20754716981132
98.14465408805032
98.0503144654088
98.58490566037736
98.67924528301887
95.50314465408805
98.93081761006289
97.23270440251572
98.86792452830188
99.0251572327044
63.742138364779876
99.24528301886792
99.18238993710692
78.39622641509433
99.27672955974843
99.24528301886792
99.24528301886792
99.24528301886792
99.24528301886792
99.24528301886792
99.24528301886792
99.24528301886792
99.24528301886792
99.24528301886792
99.24528301886792
99.24528301886792
99.24528301886792
99.24528301886792
99.24528301886792
99.24528301886792
99.24528301886792
99.24528301886792
99.24528301886792
99.24528301886792
99.24528301886792
99.24528301886792
99.24528301886792
99.24528301886792
99.24528301886792
99.24528301886792
99.24528301886792
99.24528301886792
99.24528301886792
99.24528301886792
99.24528301886792
99.24528301886792
99.24528301886792
99.24528301886792
99.24528301886792
99.24528301886792
99.24528301886792
99.24528301886792
99.24528301886792
99.24528301886792
99.24528301886792
99.24528301886792
