11.855345911949685
9.59119496855346
21.855345911949687
24.08805031446541
22.9874213836478
19.937106918238992
43.710691823899374
61.19496855345912
62.0440251572327
66.72955974842768
75.84905660377359
84.46540880503144
87.45283018867924
86.41509433962264
93.55345911949685
94.49685534591195
95.69182389937107
96.41509433962264
96.88679245283019
96.06918238993711
98.52201257861635
99.33962264150944
99.52830188679245
99.52830188679245
99.52830188679245
99.52830188679245
99.52830188679245
99.52830188679245
99.52830188679245
99.52830188679245
99.52830188679245
99.52830188679245
99.52830188679245
99.52830188679245
99.52830188679245
99.52830188679245
99.52830188679245
99.52830188679245
99.52830188679245
99.52830188679245
99.52830188679245
99.52830188679245
99.52830188679245
99.52830188679245
99.52830188679245
99.52830188679245
99.52830188679245
99.52830188679245
99.52830188679245
99.52830188679245
99.52830188679245
99.52830188679245
99.52830188679245
99.52830188679245
99.52830188679245
99.52830188679245
99.52830188679245
99.52830188679245
99.52830188679245
99.52830188679245
99.52830188679245
99.52830188679245
99.52830188679245
99.52830188679245
99.52830188679245
99.52830188679245
99.52830188679245
99.52830188679245
99.52830188679245
99.52830188679245
99.52830188679245
99.52830188679245
99.52830188679245
99.52830188679245
99.52830188679245
99.52830188679245
99.52830188679245
99.52830188679245
99.52830188679245
99.52830188679245
99.52830188679245
99.52830188679245
99.52830188679245
99.52830188679245
99.52830188679245
99.52830188679245
99.52830188679245
99.52830188679245
99.52830188679245
99.52830188679245
99.52830188679245
99.52830188679245
99.52830188679245
99.52830188679245
99.52830188679245
99.52830188679245
99.52830188679245
99.52830188679245
99.52830188679245
99.52830188679245
99.52830188679245
99.52830188679245
99.52830188679245
99.52830188679245
99.52830188679245
99.52830188679245
99.52830188679245
99.52830188679245
99.52830188679245
99.52830188679245
99.52830188679245
99.52830188679245
99.52830188679245
99.52830188679245
99.52830188679245
99.52830188679245
99.52830188679245
99.52830188679245
99.52830188679245
99.52830188679245
99.52830188679245
99.52830188679245
99.52830188679245
99.52830188679245
99.52830188679245
99.52830188679245
99.52830188679245
99.52830188679245
99.52830188679245
99.52830188679245
99.52830188679245
99.52830188679245
99.52830188679245
99.52830188679245
99.52830188679245
99.52830188679245
99.52830188679245
99.52830188679245
99.52830188679245
99.52830188679245
99.52830188679245
99.52830188679245
99.52830188679245
99.52830188679245
99.52830188679245
99.52830188679245
99.52830188679245
99.52830188679245
99.52830188679245
99.52830188679245
99.52830188679245
99.52830188679245
99.52830188679245
99.52830188679245
99.52830188679245
99.52830188679245
99.52830188679245
99.52830188679245
99.52830188679245
99.52830188679245
99.52830188679245
99.52830188679245
99.52830188679245
99.52830188679245
99.52830188679245
99.52830188679245
99.52830188679245
99.52830188679245
99.52830188679245
99.52830188679245
99.52830188679245
99.52830188679245
99.52830188679245
99.52830188679245
99.52830188679245
99.52830188679245
99.52830188679245
99.52830188679245
99.52830188679245
99.52830188679245
99.52830188679245
99.52830188679245
99.52830188679245
99.52830188679245
99.52830188679245
99.52830188679245
99.52830188679245
99.52830188679245
99.52830188679245
99.52830188679245
99.52830188679245
99.52830188679245
99.52830188679245
99.52830188679245
99.52830188679245
99.52830188679245
99.52830188679245
99.52830188679245
99.52830188679245
99.52830188679245
99.52830188679245
99.52830188679245
99.52830188679245
99.52830188679245
99.52830188679245
99.52830188679245
99.52830188679245
99.52830188679245
99.52830188679245
99.52830188679245
99.52830188679245
99.52830188679245
99.52830188679245
99.52830188679245
99.52830188679245
99.52830188679245
99.52830188679245
99.52830188679245
99.52830188679245
99.52830188679245
99.52830188679245
99.52830188679245
99.52830188679245
99.52830188679245
99.52830188679245
99.52830188679245
99.52830188679245
99.52830188679245
99.52830188679245
99.52830188679245
99.52830188679245
99.52830188679245
99.52830188679245
99.52830188679245
99.52830188679245
99.52830188679245
99.52830188679245
99.52830188679245
99.52830188679245
99.52830188679245
99.52830188679245
99.52830188679245
99.52830188679245
99.52830188679245
99.52830188679245
99.52830188679245
99.52830188679245
99.52830188679245
99.52830188679245
99.52830188679245
99.52830188679245
99.52830188679245
99.52830188679245
99.52830188679245
99.52830188679245
99.52830188679245
99.52830188679245
99.52830188679245
99.52830188679245
99.52830188679245
99.52830188679245
99.52830188679245
99.52830188679245
99.52830188679245
99.52830188679245
99.52830188679245
99.52830188679245
99.52830188679245
99.52830188679245
99.52830188679245
99.52830188679245
99.52830188679245
99.52830188679245
99.52830188679245
99.52830188679245
99.52830188679245
99.52830188679245
99.52830188679245
99.52830188679245
99.52830188679245
99.52830188679245
99.52830188679245
99.52830188679245
99.52830188679245
99.52830188679245
99.52830188679245
99.52830188679245
99.52830188679245
99.52830188679245
99.52830188679245
99.52830188679245
99.52830188679245
99.52830188679245
99.52830188679245
99.52830188679245
99.52830188679245
99.52830188679245
99.52830188679245
99.52830188679245
99.52830188679245
99.52830188679245
