9.465408805031446
22.641509433962263
20.40880503144654
29.748427672955973
30.9748427672956
22.9874213836478
29.30817610062893
30.40880503144654
34.905660377358494
43.459119496855344
45.880503144654085
44.81132075471698
44.9685534591195
47.295597484276726
37.672955974842765
78.01886792452831
83.71069182389937
71.47798742138365
91.57232704402516
84.30817610062893
86.00628930817611
94.87421383647799
95.34591194968553
96.35220125786164
95.59748427672956
96.66666666666667
97.38993710691824
97.83018867924528
98.39622641509433
98.58490566037736
97.95597484276729
98.80503144654088
99.0251572327044
98.17610062893081
99.0251572327044
99.27672955974843
99.27672955974843
99.27672955974843
99.27672955974843
99.27672955974843
99.27672955974843
99.27672955974843
99.27672955974843
99.27672955974843
99.27672955974843
99.27672955974843
99.27672955974843
99.27672955974843
99.27672955974843
99.27672955974843
99.27672955974843
99.27672955974843
99.27672955974843
99.27672955974843
99.27672955974843
99.27672955974843
99.27672955974843
99.27672955974843
99.27672955974843
99.27672955974843
99.27672955974843
99.27672955974843
99.27672955974843
99.27672955974843
99.27672955974843
99.27672955974843
99.27672955974843
99.27672955974843
99.27672955974843
99.27672955974843
99.27672955974843
99.27672955974843
99.27672955974843
99.27672955974843
99.27672955974843
99.27672955974843
99.27672955974843
99.27672955974843
99.27672955974843
99.27672955974843
99.27672955974843
99.27672955974843
99.27672955974843
99.27672955974843
99.27672955974843
99.27672955974843
99.27672955974843
99.27672955974843
99.27672955974843
99.27672955974843
99.27672955974843
99.27672955974843
99.27672955974843
99.27672955974843
99.27672955974843
99.27672955974843
99.27672955974843
99.27672955974843
99.27672955974843
99.27672955974843
99.27672955974843
99.27672955974843
99.27672955974843
99.27672955974843
99.27672955974843
99.27672955974843
99.27672955974843
99.27672955974843
99.27672955974843
99.27672955974843
99.27672955974843
99.27672955974843
99.27672955974843
99.27672955974843
99.27672955974843
99.27672955974843
99.27672955974843
99.27672955974843
99.27672955974843
99.27672955974843
99.27672955974843
99.27672955974843
99.27672955974843
99.27672955974843
99.27672955974843
99.27672955974843
99.27672955974843
99.27672955974843
99.27672955974843
99.27672955974843
99.27672955974843
99.27672955974843
99.27672955974843
99.27672955974843
99.27672955974843
99.27672955974843
99.27672955974843
99.27672955974843
99.27672955974843
99.27672955974843
99.27672955974843
99.27672955974843
99.27672955974843
99.27672955974843
99.27672955974843
99.27672955974843
99.27672955974843
99.27672955974843
99.27672955974843
99.27672955974843
99.27672955974843
99.27672955974843
99.27672955974843
99.27672955974843
99.27672955974843
99.27672955974843
99.27672955974843
99.27672955974843
99.27672955974843
99.27672955974843
99.27672955974843
99.27672955974843
99.27672955974843
99.27672955974843
99.27672955974843
99.27672955974843
99.27672955974843
99.27672955974843
99.27672955974843
99.27672955974843
99.27672955974843
99.27672955974843
99.27672955974843
99.27672955974843
99.27672955974843
99.27672955974843
99.27672955974843
99.27672955974843
99.27672955974843
99.27672955974843
