7.9245283018867925
12.421383647798741
28.333333333333332
28.9937106918239
30.566037735849058
34.77987421383648
39.716981132075475
40.911949685534594
41.698113207547166
44.119496855345915
47.295597484276726
49.77987421383648
50.283018867924525
55.283018867924525
54.21383647798742
57.38993710691824
57.76729559748428
55.880503144654085
57.79874213836478
56.41509433962264
55.78616352201258
55.40880503144654
55.471698113207545
55.471698113207545
55.471698113207545
55.471698113207545
55.471698113207545
55.471698113207545
55.471698113207545
55.471698113207545
55.471698113207545
55.471698113207545
55.471698113207545
55.471698113207545
55.471698113207545
55.471698113207545
55.471698113207545
55.471698113207545
55.471698113207545
55.471698113207545
55.471698113207545
55.471698113207545
55.471698113207545
55.471698113207545
55.471698113207545
55.471698113207545
55.471698113207545
55.471698113207545
55.471698113207545
55.471698113207545
55.471698113207545
55.471698113207545
55.471698113207545
55.471698113207545
55.471698113207545
55.471698113207545
55.471698113207545
55.471698113207545
55.471698113207545
55.471698113207545
55.471698113207545
55.471698113207545
55.471698113207545
55.471698113207545
55.471698113207545
55.471698113207545
55.471698113207545
55.471698113207545
55.471698113207545
55.471698113207545
55.471698113207545
55.471698113207545
55.471698113207545
55.471698113207545
55.471698113207545
55.471698113207545
55.471698113207545
55.471698113207545
55.471698113207545
55.471698113207545
55.471698113207545
55.471698113207545
55.471698113207545
55.471698113207545
55.471698113207545
55.471698113207545
55.471698113207545
55.471698113207545
55.471698113207545
55.471698113207545
55.471698113207545
55.471698113207545
55.471698113207545
55.471698113207545
55.471698113207545
55.471698113207545
55.471698113207545
55.471698113207545
55.471698113207545
55.471698113207545
55.471698113207545
55.471698113207545
55.471698113207545
55.471698113207545
55.471698113207545
55.471698113207545
55.471698113207545
55.471698113207545
55.471698113207545
55.471698113207545
55.471698113207545
55.471698113207545
55.471698113207545
55.471698113207545
55.471698113207545
55.471698113207545
55.471698113207545
55.471698113207545
55.471698113207545
55.471698113207545
55.471698113207545
55.471698113207545
55.471698113207545
55.471698113207545
55.471698113207545
55.471698113207545
55.471698113207545
55.471698113207545
55.471698113207545
55.471698113207545
55.471698113207545
55.471698113207545
55.471698113207545
55.471698113207545
55.471698113207545
55.471698113207545
55.471698113207545
55.471698113207545
55.471698113207545
55.471698113207545
55.471698113207545
55.471698113207545
55.471698113207545
55.471698113207545
55.471698113207545
55.471698113207545
55.471698113207545
55.471698113207545
55.471698113207545
55.471698113207545
55.471698113207545
55.471698113207545
55.471698113207545
55.471698113207545
55.471698113207545
55.471698113207545
55.471698113207545
55.471698113207545
55.471698113207545
55.471698113207545
55.471698113207545
55.471698113207545
55.471698113207545
55.471698113207545
55.471698113207545
55.471698113207545
55.471698113207545
55.471698113207545
55.471698113207545
55.471698113207545
55.471698113207545
55.471698113207545
55.471698113207545
55.471698113207545
55.471698113207545
55.471698113207545
55.471698113207545
55.471698113207545
55.471698113207545
55.471698113207545
55.471698113207545
55.471698113207545
55.471698113207545
55.471698113207545
55.471698113207545
55.471698113207545
55.471698113207545
55.471698113207545
55.471698113207545
55.471698113207545
55.471698113207545
55.471698113207545
55.471698113207545
55.471698113207545
55.471698113207545
55.471698113207545
55.471698113207545
55.471698113207545
55.471698113207545
55.471698113207545
55.471698113207545
55.471698113207545
55.471698113207545
55.471698113207545
55.471698113207545
55.471698113207545
55.471698113207545
55.471698113207545
55.471698113207545
55.471698113207545
55.471698113207545
55.471698113207545
55.471698113207545
55.471698113207545
55.471698113207545
55.471698113207545
55.471698113207545
55.471698113207545
55.471698113207545
55.471698113207545
55.471698113207545
55.471698113207545
55.471698113207545
55.471698113207545
55.471698113207545
55.471698113207545
55.471698113207545
55.471698113207545
55.471698113207545
55.471698113207545
55.471698113207545
55.471698113207545
55.471698113207545
55.471698113207545
55.471698113207545
55.471698113207545
55.471698113207545
55.471698113207545
55.471698113207545
55.471698113207545
55.471698113207545
55.471698113207545
55.471698113207545
55.471698113207545
55.471698113207545
55.471698113207545
55.471698113207545
55.471698113207545
55.471698113207545
55.471698113207545
55.471698113207545
55.471698113207545
55.471698113207545
55.471698113207545
55.471698113207545
55.471698113207545
55.471698113207545
55.471698113207545
55.471698113207545
55.471698113207545
55.471698113207545
55.471698113207545
55.471698113207545
55.471698113207545
55.471698113207545
55.471698113207545
55.471698113207545
55.471698113207545
55.471698113207545
55.471698113207545
55.471698113207545
55.471698113207545
55.471698113207545
55.471698113207545
55.471698113207545
55.471698113207545
55.471698113207545
55.471698113207545
55.471698113207545
55.471698113207545
55.471698113207545
55.471698113207545
55.471698113207545
55.471698113207545
55.471698113207545
55.471698113207545
55.471698113207545
55.471698113207545
55.471698113207545
55.471698113207545
55.471698113207545
55.471698113207545
55.471698113207545
55.471698113207545
55.471698113207545
55.471698113207545
55.471698113207545
55.471698113207545
55.471698113207545
55.471698113207545
55.471698113207545
55.471698113207545
